expt	temp	rand	time	
1		60		3		20		0		0		0		0		0		0		
1		62		3		30		0		0		0		0		0		0		
1		63		3		40		0		0		0		0		0		0		
1		64		3		50		0		0		0		0		0		0		
1		65		3		60		0		0		0		0		0		0		
1		66		3		70		0		0		0		0		0		0		
1		67		3		80		0		0		0		0		0		0		
1		68		3		90		0		0		0		0		0		0		
1		69		3		100		0		0		0		0		0		0		
1		70		3		110		0		0		0		0		0		0		
1		71		3		120		0		0		0		0		0		0		
1		72		3		130		0		0		0		0		0		0		
1		73		3		140		0		0		0		0		0		0		
1		74		3		150		0		0		0		0		0		0		
1		75		3		160		0		0		0		0		0		0		
1		76		3		170		0		0		0		0		0		0		
1		77		3		180		0		0		0		0		0		0		
1		78		3		190		0		0		0		0		0		0		
1		79		3		200		0		0		0		0		0		0		
1		80		3		210		0		0		0		0		0		0		
1		81		3		220		0		0		0		0		0		0		
1		82		3		230		0		0		0		0		0		0		
1		83		3		240		0		0		0		0		0		0		
1		84		3		250		0		0		0		0		0		0		
1		85		3		260		0		0		0		0		0		0		
1		86		3		270		0		0		0		0		0		0		
2		87		3		280		0		0		0		0		0		0		
2		88		3		290		0		0		0		0		0		0		
2		89		3		300		0		0		0		0		0		0		
2		90		3		310		0		0		0		0		0		0		
2		91		3		320		0		0		0		0		0		0		
2		92		3		330		0		0		0		0		0		0		
2		93		3		340		0		0		0		0		0		0		
2		94		3		350		0		0		0		0		0		0		
2		95		3		360		0		0		0		0		0		0		
2		96		3		370		0		0		0		0		0		0		
2		97		3		380		0		0		0		0		0		0		
2		97		3		390		0		0		0		0		0		0		
2		97		3		400		0		0		0		0		0		0		
2		97		3		410		0		0		0		0		0		0		
2		97		3		420		0		0		0		0		0		0		
2		102		3		430		0		0		0		0		0		0		
2		103		3		440		0		0		0		0		0		0		
2		104		3		450		0		0		0		0		0		0		
2		105		3		460		0		0		0		0		0		0		
2		106		3		470		0		0		0		0		0		0		
2		107		3		480		0		0		0		0		0		0		
2		108		3		490		0		0		0		0		0		0		
2		109		3		500		0		0		0		0		0		0		
2		109		3		500		0		0		0		0		0		0		
